42.6770145
-83.1946977
42.6770669
-83.1944996
42.6770145
-83.1946977
42.6770669
-83.1944996
42.6770145
-83.1946977
42.6770669
-83.1944996
42.6770145
-83.1946977
42.6770669
-83.1944996
42.6770145
-83.1946977
42.6770669
-83.1944996
42.6770145
-83.1946977
42.6770669
-83.1944996
42.6770145
-83.1946977
42.6770669
-83.1944996
42.6770145
-83.1946977
42.6770669
-83.1944996
42.6770145
-83.1946977
42.6770669
-83.1944996
42.6770145
-83.1946977
42.6770669
-83.1944996
42.6770145
-83.1946977
42.6770669
-83.1944996
42.6770145
-83.1946977
42.6770669
-83.1944996