 6 5
 4 5
 2 5
 10 5
 12 5
 14 5
 1 10
 2 10
 3 10
 0 10
 2 -5
 2 -6
 2 -7
 -3 -5
 7 5
 5 -6
 3 -8
 8 16
 9 16
 10 16
 11 16
 10 13
 11 13
 12 13
 13 13
 15 14
 15 15
 7 16
 5 16
 6 16
 5 15
 5 14
 5 13
 5 11
 5 10
 6 9
 7 11
 8 10
 9 10
 10 10
 11 10
 12 10
 14 10
 17 12
 17 10
 17 9
 17 8
 16 7
 14 7
 13 7
 11 6
 -1 9
 15 18
 7 14
 7 12
 14 16
 11 17
 5 17
 5 18
 5 19
 5 20
 14 20
 13 20
 6 21
 7 22
 8 22
 9 22
 10 22
 12 22
 5 12
 1 7
 1 7
 0 8
 16 -2
 2 3
 7 4
 7 3
 13 -1
 -5 1
